0 0.5725411764705883 0.6051666666666667 0.0694588235294118 0.18254166666666669
1 0.3322117647058824 0.5704166666666667 0.09298823529411764 0.25991666666666663
1 0.2840235294117647 0.32241666666666663 0.2296941176470588 0.24800000000000005
1 0.4061647058823529 0.47125 0.16917647058823523 0.23612500000000006
1 0.8532235294117647 0.12895833333333334 0.09971764705882352 0.25
1 0.4285647058823529 0.0625 0.1109176470588235 0.125
1 0.05176470588235294 0.12083333333333333 0.10352941176470588 0.24166666666666667
1 0.0988235294117647 0.03958333333333333 0.03294117647058824 0.07916666666666666
1 0.020164705882352942 0.49504166666666666 0.040329411764705884 0.3234166666666667
1 0.04985882352941177 0.7817500000000001 0.09971764705882354 0.24604166666666671
1 0.04985882352941177 0.9742083333333333 0.08178823529411765 0.051583333333333314
1 0.38235294117647056 0.8541666666666666 0.38823529411764707 0.2916666666666667
1 0.3876705882352941 0.9484166666666667 0.10084705882352944 0.10316666666666663
1 0.9388235294117647 0.8604166666666667 0.1223529411764706 0.2708333333333333
1 0.9611764705882353 0.9791666666666666 0.07764705882352942 0.041666666666666664
1 0.9885176470588235 0.5902916666666667 0.02296470588235292 0.17262500000000003