1 0.5131764705882352 0.140875 0.10084705882352944 0.2619166666666667
1 0.8904705882352941 0.30554166666666666 0.2190588235294118 0.3333333333333333
1 0.9568705882352941 0.07041666666666666 0.08291764705882355 0.1408333333333333
1 0.2974823529411765 0.21129166666666668 0.11317647058823531 0.1686666666666667
1 0.05545882352941177 0.13391666666666666 0.09748235294117645 0.2678333333333333
1 0.04872941176470588 0.640875 0.09745882352941176 0.23808333333333329
1 0.6985882352941176 0.6497916666666667 0.16917647058823523 0.23612500000000006
1 0.6352941176470588 0.8343333333333334 0.11877647058823533 0.33133333333333326
1 0.8647058823529412 0.8604166666666667 0.10588235294117647 0.2791666666666667
1 0.9666588235294117 0.8888750000000001 0.06665882352941187 0.22220833333333326
1 0.18376470588235294 0.8839166666666666 0.10084705882352943 0.23212499999999991
1 0.4858823529411765 0.9916666666666667 0.12470588235294118 0.016666666666666666
0 0.5361411764705882 0.48612500000000003 0.09075294117647058 0.15475000000000005