0 0.5736705882352942 0.5982083333333333 0.06945882352941173 0.1845416666666667
1 0.48571764705882353 0.40079166666666666 0.9714352941176471 0.32937500000000003
1 0.05489411764705882 0.11804166666666666 0.10978823529411764 0.2360833333333333
1 0.22576470588235295 0.5952500000000001 0.09075294117647058 0.2063333333333333
1 0.34061176470588234 0.5942500000000001 0.09635294117647056 0.20833333333333334
1 0.7512705882352941 0.16466666666666668 0.1109176470588235 0.15475
1 0.9520941176470588 0.125 0.09578823529411773 0.25
1 0.9014117647058824 0.547625 0.1086823529411766 0.31745833333333334
1 0.23305882352941176 0.9017916666666667 0.17254117647058825 0.1964166666666666
1 0.020164705882352942 0.5039583333333334 0.040329411764705884 0.34125
1 0.806164705882353 0.6359166666666667 0.11541176470588224 0.18850000000000003