1 0.9096941176470589 0.9544583333333333 0.17404705882352947 0.09108333333333339
1 0.05670588235294118 0.081625 0.10694117647058825 0.16325
1 0.7466352941176471 0.09625 0.09621176470588232 0.18787500000000001
1 0.8208470588235295 0.360375 0.09896470588235282 0.2533333333333333
0 0.5860000000000001 0.5742916666666668 0.07672941176470592 0.16779166666666664
1 0.3931294117647059 0.2823333333333334 0.10945882352941172 0.17045833333333332
1 0.30508235294117647 0.8095833333333334 0.09663529411764704 0.2530416666666667
1 0.041788235294117654 0.7008333333333333 0.08357647058823531 0.23175
1 0.047176470588235285 0.19258333333333333 0.09432941176470588 0.23195833333333338
1 0.56 0.98125 0.25882352941176473 0.0375
1 0.9755764705882353 0.8328749999999999 0.04884705882352939 0.16654166666666678
1 0.5274588235294118 0.040125 0.3557647058823529 0.07775
1 0.03548235294117647 0.33320833333333333 0.07096470588235294 0.30375