1 0.6554352941176471 0.07029166666666667 0.22202352941176473 0.14058333333333334
1 0.4572235294117647 0.7761666666666667 0.17035294117647054 0.22770833333333323
1 0.6436 0.9056666666666667 0.21823529411764706 0.18866666666666657
1 0.23736470588235292 0.446875 0.09265882352941175 0.20387500000000003
1 0.03995294117647058 0.12325 0.07988235294117647 0.24645833333333336
1 0.9508941176470588 0.10916666666666668 0.0885647058823529 0.21745833333333334
1 0.8061882352941176 0.4287083333333334 0.09651764705882349 0.25441666666666674
1 0.5027294117647059 0.14470833333333333 0.08432941176470582 0.2034166666666667
1 0.6904470588235294 0.32729166666666665 0.16014117647058837 0.23133333333333336
1 0.8488 0.12016666666666667 0.09849411764705886 0.23754166666666665
1 0.6965411764705882 0.45383333333333337 0.09077647058823539 0.20041666666666663
1 0.4188235294117647 0.98125 0.14588235294117646 0.0375
1 0.9752941176470589 0.23125 0.04941176470588235 0.0375
1 0.8632235294117647 0.2334166666666667 0.05054117647058828 0.03295833333333332
0 0.5881882352941177 0.452125 0.06797647058823533 0.17408333333333334
1 0.029129411764705883 0.37004166666666666 0.058258823529411766 0.36308333333333326
1 0.05715294117647059 0.30854166666666666 0.07618823529411767 0.22816666666666663