0 0.5904705882352941 0.49604166666666666 0.08068235294117646 0.17858333333333326
1 0.31148235294117643 0.6220416666666666 0.17030588235294117 0.24008333333333334
1 0.05715294117647059 0.47024999999999995 0.11428235294117649 0.23412499999999994
1 0.25825882352941176 0.29662499999999997 0.09748235294117645 0.20041666666666663
1 0.5770352941176471 0.17458333333333334 0.17479999999999998 0.23016666666666666
1 0.5266117647058823 0.027791666666666666 0.09635294117647056 0.05554166666666668
1 0.8711529411764706 0.05358333333333333 0.0907529411764707 0.107125
1 0.9682352941176471 0.052083333333333336 0.06352941176470588 0.10416666666666667
1 0.8302588235294118 0.28175 0.10755294117647067 0.2579166666666667
1 0.7142823529411765 0.29958333333333337 0.09298823529411761 0.20633333333333337
1 0.7988705882352941 0.7857083333333333 0.22856470588235292 0.24208333333333343
1 0.9565882352941176 0.6289583333333333 0.08682352941176465 0.2301666666666667
1 0.3484705882352941 0.9027916666666667 0.23752941176470585 0.18649999999999997
1 0.040894117647058824 0.20041666666666666 0.08178823529411765 0.33729166666666666
1 0.07505882352941176 0.045625 0.09188235294117647 0.09125