0 0.5445411764705883 0.84625 0.06945882352941173 0.15675000000000003
1 0.5 0.625 1 0.31745833333333334
1 0.560235294117647 0.10616666666666666 0.17480000000000004 0.204375
1 0.13950588235294115 0.36904166666666666 0.2207294117647059 0.19841666666666669
1 0.05058823529411765 0.20416666666666666 0.1011764705882353 0.19166666666666668
1 0.024658823529411764 0.3859166666666667 0.049294117647058815 0.16070833333333331
1 0.9053176470588236 0.36508333333333337 0.11204705882352942 0.20633333333333337
1 0.9894117647058823 0.42291666666666666 0.021176470588235293 0.10416666666666667
1 0.8552941176470589 0.8854166666666666 0.11058823529411765 0.22916666666666666
1 0.7568705882352942 0.9593333333333334 0.0907529411764707 0.08133333333333326
1 0.28705882352941176 0.9333333333333333 0.08941176470588236 0.13333333333333333
1 0.17411764705882352 0.9333333333333333 0.09411764705882353 0.13333333333333333