1 0.3517647058823529 0.06458333333333334 0.17647058823529413 0.12916666666666668
1 0.7869647058823529 0.5800416666666667 0.0874117647058823 0.2573333333333333
0 0.5895294117647059 0.4861666666666667 0.07489411764705885 0.17475
1 0.28428235294117643 0.4765416666666667 0.21799999999999997 0.24425000000000002
1 0.6316235294117647 0.9008333333333333 0.08047058823529415 0.1844999999999999
1 0.8695529411764706 0.192625 0.1084470588235295 0.18520833333333334
1 0.44969411764705886 0.6033333333333334 0.08682352941176465 0.20183333333333334
1 0.35969411764705883 0.7763333333333333 0.11 0.23041666666666671
1 0.047058823529411764 0.11041666666666666 0.09411764705882353 0.22083333333333333
1 0.17625882352941175 0.8995 0.09009411764705881 0.1954583333333332
1 0.7492705882352941 0.872625 0.09423529411764694 0.22554166666666664
1 0.16491764705882353 0.14108333333333334 0.0828 0.19841666666666669
1 0.5231764705882352 0.19529166666666667 0.10877647058823534 0.1689166666666667
1 0.9670588235294117 0.9 0.06588235294117648 0.18333333333333332
1 0.4479058823529412 0.7901666666666666 0.059035294117647 0.18866666666666657
1 0.0204 0.5505416666666666 0.038941176470588236 0.2944166666666666
1 0.2772705882352941 0.13175 0.08261176470588238 0.17658333333333334
1 0.9004235294117647 0.5529166666666666 0.11176470588235295 0.2926250000000001
1 0.5045176470588235 0.9838749999999999 0.12164705882352939 0.031916666666666774
1 0.7608470588235294 0.9898333333333333 0.05251764705882365 0.020291666666666687