0 0.5507058823529412 0.5972083333333333 0.07058823529411765 0.18254166666666669
1 0.6694588235294118 0.6379166666666667 0.061623529411764834 0.10912499999999999
1 0.400564705882353 0.15775 0.17590588235294116 0.24008333333333334
1 0.7523764705882353 0.07341666666666667 0.22969411764705883 0.14683333333333334
1 0.08851764705882352 0.06745833333333334 0.17703529411764704 0.13491666666666668
1 0.06722352941176471 0.3125 0.13444705882352942 0.26387499999999997
1 0.03192941176470588 0.8987916666666667 0.06385882352941176 0.20237499999999997
1 0.6672235294117647 0.8997916666666667 0.1714352941176471 0.20041666666666677
1 0.8050352941176471 0.9771666666666667 0.20729411764705888 0.04562499999999995
2 0.4229647058823529 0.8194583333333333 0.06611764705882359 0.10316666666666663
2 0.5361411764705882 0.8204166666666667 0.07731764705882356 0.125
2 0.6504235294117647 0.7896666666666667 0.06835294117647048 0.03966666666666659