1 0.8014117647058824 0.9544166666666667 0.14840000000000012 0.09116666666666665
1 0.11656470588235295 0.9494166666666667 0.14936470588235295 0.10112499999999992
1 0.06225882352941177 0.5599583333333332 0.12451764705882354 0.240625
1 0.5613176470588236 0.257 0.17409411764705884 0.23195833333333335
1 0.5981647058823529 0.08525 0.1639529411764706 0.16679166666666667
1 0.763435294117647 0.017083333333333332 0.0551764705882354 0.034166666666666665
1 0.8782588235294118 0.017583333333333333 0.05303529411764697 0.035166666666666666
1 0.30908235294117653 0.014208333333333333 0.054658823529411774 0.028416666666666666
1 0.6642588235294118 0.7353333333333333 0.05588235294117647 0.10887499999999999
1 0.4818352941176471 0.11870833333333333 0.0665411764705883 0.18954166666666666
1 0.08070588235294117 0.013000000000000001 0.06112941176470589 0.025958333333333337
0 0.5663764705882353 0.577375 0.07058823529411765 0.18649999999999997
2 0.41905882352941176 0.919625 0.0672235294117647 0.11308333333333327
2 0.5310823529411764 0.9146666666666667 0.06498823529411765 0.11112500000000007
2 0.6464941176470588 0.9156666666666666 0.06498823529411765 0.11708333333333343