1 0.6617411764705883 0.33158333333333334 0.17002352941176468 0.23320833333333332
1 0.10437647058823529 0.6250416666666666 0.2036 0.2345416666666667
1 0.4404235294117647 0.1880416666666667 0.22750588235294117 0.2465416666666667
1 0.7578117647058823 0.088125 0.05498823529411766 0.03545833333333333
1 0.029505882352941173 0.33233333333333337 0.05898823529411765 0.21975000000000003
1 0.07091764705882353 0.07958333333333334 0.054047058823529406 0.03566666666666667
1 0.29905882352941177 0.08383333333333334 0.049741176470588205 0.033041666666666664
1 0.6594117647058824 0.8086666666666668 0.0576705882352941 0.1115416666666666
2 0.5223529411764706 0.9645833333333333 0.07529411764705882 0.07083333333333333
1 0.0587764705882353 0.03675 0.08087058823529411 0.07283333333333335
1 0.8635764705882353 0.052958333333333336 0.08327058823529408 0.10587499999999998
1 0.2938823529411765 0.035 0.0818823529411765 0.07
1 0.8731058823529412 0.089 0.05329411764705877 0.03654166666666665
1 0.7514117647058824 0.035375000000000004 0.08454117647058812 0.070625
0 0.5647058823529412 0.547625 0.07171764705882357 0.1785833333333334
2 0.6380941176470588 0.9672499999999999 0.06611764705882359 0.06545833333333324