1 0.17254117647058823 0.2853333333333333 0.22327058823529417 0.23987499999999998
1 0.8119529411764705 0.4000833333333333 0.09703529411764708 0.2578750000000001
1 0.07098823529411766 0.11066666666666668 0.1419529411764706 0.19075
1 0.7882117647058824 0.8860833333333333 0.1615529411764705 0.2024166666666666
1 0.07305882352941177 0.963 0.14611764705882355 0.07383333333333345
1 0.6617411764705883 0.7134166666666667 0.07955294117647047 0.19187500000000005
1 0.7731529411764705 0.9700000000000001 0.14254117647058834 0.05999999999999991
1 0.7704941176470588 0.6769166666666667 0.09425882352941191 0.209875
1 0.4755764705882353 0.4189166666666667 0.0928 0.20154166666666667
1 0.20835294117647057 0.714625 0.0887294117647059 0.20183333333333334
1 0.8972 0.5856250000000001 0.10538823529411756 0.20712499999999998
1 0.6757176470588235 0.9081666666666667 0.06094117647058818 0.18166666666666675
0 0.5818823529411765 0.44741666666666663 0.07378823529411768 0.15262499999999998
1 0.9804 0.7292500000000001 0.03919999999999992 0.20091666666666655
1 0.21607058823529413 0.5648333333333333 0.11284705882352943 0.1892916666666667
1 0.8898588235294118 0.047125 0.11496470588235297 0.09425
1 0.2448235294117647 0.5967916666666666 0.1712941176470588 0.2347916666666667
1 0.8227529411764706 0.2905416666666667 0.14228235294117653 0.23512500000000003
1 0.3129411764705882 0.029166666666666667 0.0988235294117647 0.058333333333333334
1 0.5464 0.045375000000000006 0.1153882352941177 0.09066666666666669
1 0.19294117647058823 0.029166666666666667 0.06588235294117648 0.058333333333333334
1 0.9212941176470588 0.35216666666666663 0.1014352941176471 0.28241666666666665
1 0.030258823529411765 0.35516666666666663 0.06049411764705882 0.31349999999999995
1 0.00896470588235294 0.6627083333333333 0.01792941176470588 0.26587500000000003