1 0.3023529411764706 0.43125 0.222164705882353 0.24208333333333337
1 0.07411764705882352 0.6666666666666666 0.14823529411764705 0.3
1 0.20823529411764705 0.982125 0.10800000000000001 0.035749999999999935
0 0.6509882352941176 0.97425 0.04637647058823538 0.05150000000000006
1 0.5551294117647059 0.8327083333333333 0.09635294117647063 0.2522916666666667
1 0.6937411764705882 0.02375 0.06484705882352929 0.047125
1 0.3110588235294117 0.23129166666666662 0.16969411764705883 0.15937499999999996
2 0.6711529411764706 0.172125 0.06799999999999995 0.0985
2 0.4423294117647059 0.17304166666666668 0.07239999999999995 0.09479166666666666
2 0.5543764705882354 0.17104166666666665 0.07204705882352942 0.11295833333333333
1 0.9647058823529412 0.8520833333333333 0.07058823529411765 0.20416666666666666
1 0.8865411764705882 0.8039583333333333 0.08315294117647067 0.309625
1 0.13277647058823527 0.5763750000000001 0.21623529411764708 0.24799999999999997
1 0.9764705882352941 0.7 0.047058823529411764 0.1