1 0.6204470588235294 0.8837916666666668 0.1709882352941176 0.22600000000000003
1 0.7656 0.9624583333333334 0.20411764705882354 0.07504166666666663
1 0.8087058823529412 0.05358333333333333 0.22550588235294125 0.10716666666666666
1 0.09383529411764706 0.27666666666666667 0.16296470588235296 0.24987499999999999
1 0.1219764705882353 0.04804166666666666 0.2289176470588236 0.09608333333333333
1 0.34698823529411765 0.12345833333333331 0.1676470588235294 0.22837500000000002
1 0.670470588235294 0.6059166666666667 0.05894117647058813 0.11316666666666678
1 0.9736470588235294 0.12933333333333333 0.05268235294117644 0.23216666666666666
0 0.5490117647058824 0.580375 0.07395294117647061 0.1805416666666666
2 0.4224 0.7827500000000001 0.06945882352941173 0.10912499999999999
2 0.5316470588235294 0.77875 0.06835294117647062 0.11308333333333327
2 0.6582588235294118 0.7757916666666667 0.06835294117647048 0.08333333333333333
1 0.0112 0.889875 0.0224 0.16070833333333331