1 0.39527058823529415 0.890625 0.25672941176470593 0.21870833333333337
1 0.1544 0.38999999999999996 0.21247058823529413 0.24095833333333327
1 0.4218117647058824 0.10120833333333333 0.11341176470588232 0.16816666666666666
1 0.5838117647058824 0.9158333333333334 0.11183529411764699 0.16195833333333334
1 0.8464705882352941 0.18895833333333334 0.10432941176470596 0.2545
1 0.3194823529411765 0.6321666666666667 0.0812235294117647 0.23908333333333331
1 0.3048705882352941 0.5034583333333332 0.12835294117647061 0.16979166666666662
1 0.3778352941176471 0.9828333333333333 0.08807058823529414 0.03433333333333337
1 0.9744470588235293 0.8959166666666667 0.051105882352941244 0.20245833333333324
0 0.5735529411764706 0.600875 0.0714352941176471 0.15812499999999996
1 0.042352941176470586 0.14583333333333334 0.08470588235294117 0.2916666666666667
1 0.08738823529411764 0.06645833333333333 0.04929411764705883 0.13291666666666666