1 0.744964705882353 0.15233333333333335 0.22545882352941163 0.2418333333333333
1 0.6000941176470588 0.8994583333333334 0.17025882352941174 0.20037500000000014
1 0.23647058823529413 0.06458333333333334 0.22823529411764706 0.12916666666666668
1 0.7950823529411766 0.5628333333333334 0.10028235294117648 0.24754166666666672
1 0.9267529411764706 0.7766249999999999 0.1464941176470588 0.24595833333333322
1 0.8173176470588236 0.4595 0.17320000000000002 0.23074999999999998
1 0.8236941176470588 0.2592083333333333 0.08891764705882345 0.24925000000000003
1 0.4936 0.9767083333333333 0.21694117647058822 0.04658333333333336
1 0.4898352941176471 0.286625 0.09223529411764703 0.2016666666666667
1 0.22209411764705883 0.5850833333333333 0.09216470588235291 0.20033333333333328
1 0.6776705882352941 0.5763333333333333 0.08734117647058824 0.17600000000000005
1 0.08616470588235293 0.142875 0.17232941176470587 0.23824999999999996
1 0.04343529411764706 0.21791666666666665 0.08628235294117648 0.2890416666666667
1 0.09592941176470589 0.4515416666666667 0.10515294117647059 0.22708333333333333
1 0.019694117647058817 0.5592916666666666 0.03797647058823529 0.2435
0 0.5770352941176471 0.52975 0.07395294117647054 0.17062500000000008
1 0.9417411764705883 0.234125 0.10195294117647069 0.31350000000000006