1 0.5652941176470588 0.9496666666666667 0.22477647058823522 0.10062499999999991
1 0.7943294117647058 0.2662083333333333 0.21541176470588225 0.25016666666666665
1 0.5181882352941176 0.37737499999999996 0.08416470588235289 0.2547083333333333
1 0.7640705882352942 0.809375 0.10028235294117648 0.24883333333333343
1 0.026070588235294116 0.46025 0.05214117647058823 0.28529166666666667
1 0.6845882352941176 0.5114583333333333 0.10105882352941187 0.25141666666666673
1 0.3366588235294118 0.7322083333333332 0.11063529411764705 0.16887500000000014
1 0.023694117647058824 0.027916666666666666 0.04738823529411765 0.05583333333333333
1 0.6970588235294117 0.35404166666666664 0.2589411764705882 0.305625
1 0.0764470588235294 0.3471666666666666 0.15287058823529412 0.3159583333333333
1 0.014564705882352941 0.6448333333333333 0.029129411764705883 0.24208333333333337
0 0.560235294117647 0.6855 0.06945882352941173 0.19245833333333331
1 0.9857176470588236 0.46229166666666666 0.02856470588235291 0.2698333333333334