0 0.6476235294117647 0.6686666666666666 0.07171764705882357 0.15875000000000009
1 0.5551764705882353 0.5396666666666667 0.1086823529411764 0.1904583333333333
1 0.6056 0.076375 0.09075294117647063 0.15275
1 0.9263294117647058 0.21925 0.14734117647058825 0.22025
1 0.9086823529411765 0.35912499999999997 0.08964705882352947 0.20237499999999997
1 0.1927058823529412 0.41962499999999997 0.11651764705882356 0.3710416666666666
1 0.5955294117647059 0.9017916666666667 0.10195294117647055 0.1964166666666666
1 0.9400470588235293 0.9315416666666666 0.09188235294117636 0.13691666666666671
1 0.9141176470588235 0.9791666666666666 0.08705882352941176 0.041666666666666664
1 0.801129411764706 0.9771666666666667 0.07395294117647047 0.04562499999999995
1 0.13501176470588236 0.874 0.11091764705882354 0.25200000000000006
1 0.11035294117647058 0.9474166666666667 0.1064470588235294 0.1051666666666667
1 0.03764705882352941 0.8458333333333333 0.07529411764705882 0.30833333333333335
1 0.023529411764705882 0.921625 0.047058823529411764 0.15675000000000003
1 0.08348235294117647 0.47125 0.09748235294117645 0.25595833333333334
1 0.26329411764705885 0.07341666666666667 0.09635294117647056 0.14683333333333334
1 0.21176470588235294 0.26983333333333337 0.11877647058823528 0.36508333333333337
1 0.09748235294117646 0.26587500000000003 0.11428235294117649 0.36508333333333337
1 0.14957647058823528 0.07241666666666666 0.09748235294117645 0.14483333333333331
1 0.04369411764705882 0.07541666666666667 0.08291764705882351 0.14683333333333332
1 0.017364705882352942 0.2916666666666667 0.034729411764705884 0.3015833333333333
1 0.0112 0.45633333333333337 0.0224 0.2658750000000001