1 0.6739529411764706 0.09920833333333333 0.18039999999999998 0.19841666666666666
1 0.5126117647058824 0.23708333333333334 0.10195294117647055 0.1845416666666667
1 0.39887058823529414 0.24800000000000005 0.11204705882352942 0.16666666666666669
1 0.2661176470588235 0.1527916666666667 0.11988235294117644 0.3055416666666667
1 0.04823529411764706 0.1375 0.09647058823529411 0.275
1 0.23472941176470588 0.5069583333333333 0.09298823529411768 0.21229166666666674
1 0.12044705882352941 0.5039583333333334 0.09298823529411768 0.20237500000000003
1 0.027058823529411764 0.41458333333333336 0.05411764705882353 0.3375
1 0.47338823529411767 0.5505833333333333 0.11317647058823535 0.1686666666666667
1 0.8190588235294118 0.546625 0.11204705882352942 0.18850000000000003
1 0.6296941176470588 0.6954166666666667 0.22409411764705883 0.24404166666666663
1 0.5070117647058823 0.8343333333333334 0.22969411764705877 0.24008333333333334
1 0.4028 0.9245833333333333 0.09298823529411761 0.13491666666666666
1 0.7428470588235294 0.9067500000000001 0.09411764705882353 0.18649999999999997
1 0.8515294117647059 0.8789583333333333 0.10084705882352944 0.24208333333333343
0 0.5848705882352941 0.5099166666666667 0.07395294117647054 0.18254166666666669