1 0.40844705882352944 0.09954166666666667 0.2795529411764706 0.1990416666666667
1 0.9483764705882353 0.712375 0.0951764705882354 0.23020833333333332
0 0.5852 0.4285 0.07783529411764702 0.16133333333333333
1 0.28710588235294116 0.9079999999999999 0.10098823529411761 0.17870833333333327
1 0.3756705882352941 0.417625 0.10856470588235291 0.17149999999999999
1 0.03741176470588235 0.32108333333333333 0.07235294117647059 0.21600000000000003
1 0.7916470588235294 0.505125 0.08880000000000002 0.25175
1 0.7216 0.1996666666666667 0.09331764705882345 0.25595833333333334
1 0.9030352941176472 0.09795833333333336 0.08435294117647064 0.19349999999999998
1 0.22065882352941177 0.102625 0.09792941176470589 0.20525
1 0.024658823529411764 0.4667083333333333 0.04774117647058823 0.3057083333333333
1 0.027058823529411764 0.14583333333333334 0.05411764705882353 0.2916666666666667
1 0.9738117647058824 0.1115 0.052376470588235274 0.223
1 0.9650588235294117 0.9408333333333334 0.06988235294117658 0.11833333333333323