0 0.5842823529411765 0.546625 0.07331764705882352 0.1683749999999999
1 0.08461176470588236 0.6628333333333334 0.13270588235294115 0.22891666666666666
1 0.04823529411764706 0.13958333333333334 0.09647058823529411 0.22083333333333333
1 0.5286823529411765 0.9606250000000001 0.260635294117647 0.0787499999999999
1 0.39797647058823526 0.233625 0.10898823529411764 0.17258333333333334
1 0.7527529411764706 0.07079166666666664 0.09343529411764714 0.14154166666666665
1 0.8201882352941177 0.322375 0.09477647058823523 0.25604166666666667
1 0.3069176470588235 0.7709166666666667 0.09063529411764705 0.25729166666666664
1 0.5639294117647059 0.019208333333333334 0.30503529411764707 0.03679166666666667
1 0.03764705882352941 0.2875 0.07529411764705882 0.3
1 0.9764705882352941 0.9270833333333334 0.047058823529411764 0.1375
1 0.9224 0.9422916666666666 0.058423529411764805 0.09425000000000001
1 0.05847058823529412 0.057708333333333334 0.1068941176470588 0.11541666666666667
1 0.9750588235294118 0.78375 0.04985882352941189 0.15875000000000009