1 0.8914117647058825 0.7025416666666667 0.20952941176470577 0.24725000000000014
1 0.27336470588235295 0.8465416666666666 0.22491764705882358 0.23645833333333333
1 0.10767058823529412 0.39587500000000003 0.21534117647058823 0.2459166666666667
1 0.8331058823529411 0.1904583333333333 0.0958352941176471 0.24962499999999996
0 0.582 0.5518333333333333 0.07743529411764712 0.1689166666666667
1 0.26701176470588234 0.20729166666666668 0.09129411764705879 0.19770833333333332
1 0.9021176470588235 0.5254583333333334 0.16400000000000012 0.18570833333333336
1 0.5124941176470589 0.098625 0.17407058823529417 0.19720833333333332
1 0.6364000000000001 0.9825416666666666 0.05395294117647047 0.034916666666666644
1 0.22023529411764706 0.536875 0.17150588235294115 0.22849999999999995
1 0.0447764705882353 0.13733333333333334 0.0895529411764706 0.27466666666666667
1 0.7219529411764706 0.21108333333333332 0.08731764705882356 0.19020833333333337