1 0.7495058823529412 0.8916666666666667 0.21712941176470582 0.21412499999999995
1 0.8633176470588236 0.21975 0.27336470588235284 0.25525000000000003
1 0.9465882352941176 0.9700833333333333 0.0995764705882354 0.05983333333333339
1 0.697764705882353 0.393625 0.09505882352941171 0.25545833333333334
1 0.774470588235294 0.678625 0.09783529411764716 0.21591666666666665
1 0.023576470588235292 0.5244166666666668 0.047129411764705885 0.22812500000000005
1 0.35068235294117645 0.6094583333333333 0.10905882352941179 0.1729583333333333
0 0.5790588235294117 0.572375 0.0728941176470588 0.17675000000000007
1 0.17896470588235294 0.39520833333333333 0.24268235294117643 0.030124999999999957
1 0.17543529411764705 0.21495833333333333 0.26839999999999997 0.264125
1 0.9123764705882352 0.058916666666666666 0.16778823529411752 0.06879166666666668
1 0.03058823529411765 0.325 0.0611764705882353 0.35
1 0.010588235294117647 0.6770833333333334 0.021176470588235293 0.2375
1 0.6795529411764706 0.2619166666666667 0.08851764705882353 0.25