1 0.20811764705882357 0.7086666666666667 0.23602352941176474 0.2491666666666667
1 0.9394117647058824 0.968375 0.08705882352941176 0.06325000000000003
1 0.8903058823529412 0.7177083333333333 0.21621176470588233 0.2535833333333334
1 0.8375294117647059 0.19941666666666666 0.09524705882352945 0.25199999999999995
1 0.8519294117647058 0.3139166666666667 0.04837647058823517 0.035625000000000046
1 0.1385176470588235 0.9387916666666667 0.10169411764705881 0.12241666666666665
1 0.9161176470588236 0.5208333333333334 0.08585882352941179 0.16475000000000004
1 0.7040470588235295 0.39179166666666665 0.08552941176470594 0.20416666666666666
1 0.8588235294117647 0.0375 0.07529411764705882 0.075
1 0.5152941176470588 0.08958333333333333 0.10352941176470588 0.17916666666666667
1 0.531270588235294 0.1615 0.05072941176470589 0.03554166666666667
1 0.9543764705882354 0.21508333333333332 0.09108235294117656 0.2602083333333333
1 0.47101176470588235 0.5721666666666666 0.10032941176470585 0.1899166666666666
1 0.9688 0.3157083333333333 0.04811764705882363 0.03454166666666663
1 0.7201411764705883 0.4651666666666667 0.04983529411764694 0.03670833333333334
0 0.5265411764705883 0.9517083333333333 0.07301176470588243 0.09654166666666673
1 0.26301176470588233 0.4594166666666667 0.05105882352941174 0.03604166666666669
1 0.7729411764705882 0.03125 0.10588235294117647 0.0625
1 0.053576470588235295 0.9465833333333333 0.06305882352941178 0.10683333333333328
1 0.8028 0.5267916666666667 0.09298823529411761 0.18850000000000003
1 0.7249411764705883 0.204375 0.1053176470588235 0.2579166666666667
1 0.24312941176470587 0.3045833333333333 0.10981176470588232 0.26387499999999997
1 0.024705882352941175 0.4666666666666667 0.04941176470588235 0.30833333333333335
1 0.03529411764705882 0.30854166666666666 0.07058823529411765 0.2877083333333333
1 0.045388235294117646 0.1527916666666667 0.0907529411764706 0.28175