2 0.4991529411764706 0.0645 0.0750588235294117 0.12104166666666669
2 0.6123294117647059 0.06545833333333334 0.07058823529411765 0.111125
2 0.7282823529411764 0.07041666666666666 0.06498823529411765 0.10912499999999999
0 0.6028 0.9057499999999999 0.07171764705882357 0.18850000000000003
1 0.23362352941176473 0.5724166666666667 0.368635294117647 0.3392916666666667
1 0.38543529411764704 0.47420833333333334 0.2218588235294118 0.25
1 0.16414117647058823 0.30854166666666666 0.23192941176470586 0.22816666666666663
1 0.2011294117647059 0.139875 0.17590588235294122 0.1845416666666667
1 0.2610588235294118 0.9325416666666667 0.11877647058823528 0.13491666666666666
1 0.6145647058823529 0.72125 0.10195294117647062 0.25200000000000006
1 0.9498588235294118 0.7013750000000001 0.10028235294117648 0.31545833333333323
1 0.6847058823529412 0.9479166666666666 0.09411764705882353 0.10416666666666667
1 0.9868235294117647 0.9245833333333333 0.02632941176470601 0.14683333333333337