0 0.6532235294117648 0.623 0.08068235294117639 0.15875000000000009
1 0.9310823529411765 0.5833333333333334 0.1053176470588235 0.31745833333333334
1 0.40112941176470585 0.36112500000000003 0.23082352941176465 0.25
1 0.3254823529411765 0.19741666666666668 0.22969411764705883 0.24799999999999997
1 0.4436941176470588 0.0605 0.08738823529411761 0.11708333333333334
1 0.9014117647058824 0.0645 0.0907529411764707 0.1289583333333333
1 0.46329411764705886 0.8055416666666667 0.1714352941176471 0.234125
1 0.6778823529411765 0.9385 0.10084705882352944 0.12299999999999993
1 0.9756235294117647 0.8650833333333333 0.048729411764705965 0.2698333333333333
1 0.3361411764705883 0.9434583333333334 0.11204705882352942 0.11308333333333327
1 0.09578823529411765 0.9117083333333333 0.09524705882352942 0.17658333333333331
1 0.12661176470588237 0.5486249999999999 0.11877647058823528 0.36708333333333326
1 0.01411764705882353 0.90625 0.02823529411764706 0.1875
1 0.2616235294117647 0.6686666666666666 0.11317647058823531 0.17062499999999994
1 0.3770352941176471 0.6607083333333333 0.1042117647058824 0.18254166666666669
1 0.21623529411764708 0.05754166666666667 0.0896470588235294 0.11508333333333334
1 0.020729411764705885 0.046625 0.04145882352941177 0.09325