1 0.20018823529411764 0.32262500000000005 0.22637647058823532 0.23566666666666666
1 0.6909882352941177 0.9101666666666667 0.22058823529411764 0.17175000000000012
1 0.2837647058823529 0.6270833333333333 0.17188235294117649 0.22979166666666664
1 0.8085882352941176 0.44079166666666675 0.09971764705882352 0.25420833333333337
1 0.47094117647058825 0.45545833333333335 0.09032941176470585 0.19274999999999995
1 0.6590117647058823 0.7509166666666667 0.08712941176470582 0.16774999999999995
1 0.07456470588235295 0.038791666666666676 0.0852 0.07754166666666666
1 0.9411529411764706 0.64125 0.11762352941176472 0.22979166666666664
1 0.9173411764705882 0.3993333333333334 0.10696470588235303 0.27112499999999995
1 0.765129411764706 0.7396666666666667 0.08136470588235303 0.24570833333333322
1 0.8856235294117647 0.06608333333333333 0.10912941176470588 0.132125
1 0.03922352941176471 0.18545833333333334 0.0772 0.24175
0 0.5873176470588236 0.47250000000000003 0.0725882352941177 0.1700833333333333
1 0.10028235294117646 0.9854166666666667 0.10811764705882354 0.029125000000000036
1 0.5409411764705883 0.06699999999999999 0.11414117647058822 0.13399999999999998
1 0.20105882352941176 0.759875 0.08694117647058827 0.20008333333333325
1 0.18192941176470587 0.04620833333333333 0.08870588235294116 0.09237500000000001
1 0.9784941176470588 0.7719583333333334 0.04301176470588229 0.20562500000000009
1 0.8826352941176471 0.32425 0.22202352941176473 0.20470833333333333
1 0.024705882352941175 0.4 0.04941176470588235 0.31666666666666665
1 0.29764705882352943 0.04791666666666667 0.08705882352941176 0.09583333333333334