1 0.2068 0.8758750000000001 0.1717411764705882 0.22691666666666657
1 0.676635294117647 0.33879166666666666 0.6467294117647059 0.2737916666666666
1 0.8037882352941177 0.5933333333333334 0.09287058823529418 0.17708333333333334
1 0.23047058823529412 0.5415833333333333 0.09061176470588234 0.18270833333333336
1 0.05136470588235294 0.09874999999999998 0.09538823529411763 0.19745833333333335
1 0.17087058823529414 0.3450833333333333 0.33228235294117653 0.31712500000000005
1 0.34141176470588236 0.5381250000000001 0.07760000000000004 0.17416666666666672
1 0.02437647058823529 0.49324999999999997 0.04703529411764705 0.2839166666666666
1 0.7545411764705883 0.12416666666666669 0.09392941176470579 0.15083333333333335
1 0.9610588235294117 0.10279166666666667 0.07788235294117653 0.19991666666666663
1 0.9802352941176471 0.18658333333333335 0.03952941176470578 0.03316666666666664
0 0.5798352941176471 0.5575416666666667 0.06611764705882359 0.17458333333333328
1 0.9092470588235294 0.5039583333333334 0.09971764705882352 0.3174583333333334