1 0.7193882352941177 0.6494166666666668 0.22788235294117654 0.21425000000000008
1 0.5694117647058824 0.08333333333333333 0.22588235294117648 0.16666666666666666
1 0.7848705882352941 0.9439166666666666 0.0936470588235293 0.1121250000000001
1 0.074 0.6584166666666668 0.148 0.24487499999999993
1 0.6697882352941177 0.4831250000000001 0.1691058823529412 0.19504166666666672
1 0.9021176470588235 0.9438333333333334 0.09315294117647066 0.11233333333333324
1 0.4471294117647059 0.966375 0.08428235294117646 0.06720833333333331
1 0.9184235294117646 0.8168333333333333 0.1513882352941177 0.25449999999999995
1 0.7447058823529412 0.8791666666666667 0.2564705882352941 0.24166666666666667
1 0.5824235294117647 0.2228333333333333 0.0570588235294117 0.10937499999999997
1 0.5714117647058824 0.904375 0.09237647058823534 0.1912499999999999
1 0.8118588235294119 0.7425833333333334 0.05910588235294119 0.029708333333333316
1 0.03131764705882353 0.4544583333333333 0.06263529411764707 0.1516666666666667
1 0.9780470588235295 0.4479166666666667 0.04310588235294129 0.10704166666666666
1 0.8628 0.9901666666666666 0.0984235294117648 0.018625000000000114
0 0.43752941176470583 0.7916666666666666 0.09298823529411761 0.15875000000000009
2 0.3361411764705883 0.3968333333333333 0.06945882352941173 0.10712500000000004
2 0.4504235294117647 0.40079166666666666 0.07395294117647061 0.11904166666666664
2 0.565835294117647 0.4017916666666667 0.06275294117647062 0.1051666666666667