1 0.28811764705882353 0.103625 0.1669411764705883 0.201375
1 0.7129411764705882 0.9453333333333334 0.20644705882352943 0.10933333333333337
1 0.11752941176470588 0.24366666666666664 0.21818823529411763 0.245
1 0.5823764705882353 0.8555833333333334 0.17221176470588243 0.23104166666666662
1 0.9409411764705882 0.10791666666666666 0.10950588235294109 0.21170833333333333
1 0.8788470588235294 0.03716666666666667 0.2271529411764705 0.07433333333333333
1 0.6704 0.5711666666666667 0.0586823529411766 0.11020833333333328
1 0.18456470588235294 0.03270833333333333 0.21983529411764707 0.06541666666666666
0 0.5409176470588235 0.5942916666666667 0.06472941176470585 0.15895833333333328
1 0.009529411764705882 0.48708333333333337 0.019058823529411763 0.24404166666666663
2 0.4252 0.752 0.07058823529411765 0.10712499999999991
2 0.5327764705882353 0.734125 0.06611764705882359 0.08333333333333333
2 0.6526588235294117 0.7470416666666666 0.06611764705882359 0.10120833333333341