1 0.39294117647058824 0.8958333333333334 0.21176470588235294 0.20833333333333334
1 0.27854117647058824 0.944875 0.09160000000000001 0.11024999999999992
1 0.15750588235294116 0.91325 0.10583529411764704 0.1680416666666666
1 0.5327764705882353 0.06445833333333334 0.2313176470588236 0.12891666666666668
1 0.7366588235294117 0.9728333333333333 0.08444705882352938 0.05429166666666655
2 0.18075294117647056 0.218125 0.3614823529411765 0.11462500000000002
1 0.9608941176470588 0.9745 0.07456470588235307 0.05066666666666677
1 0.07058823529411765 0.4125 0.1411764705882353 0.3333333333333333
0 0.5939529411764706 0.46199999999999997 0.06355294117647056 0.17562499999999998
2 0.7485647058823529 0.3740833333333333 0.3532 0.10966666666666663
1 0.98 0.875 0.04 0.15