1 0.41757647058823527 0.6764583333333333 0.22505882352941184 0.23670833333333335
1 0.5470588235294118 0.9317083333333334 0.17407058823529417 0.13658333333333322
1 0.1388470588235294 0.3416666666666667 0.07663529411764708 0.203125
1 0.8309882352941177 0.5293749999999999 0.19670588235294123 0.2460833333333333
1 0.5360941176470588 0.07970833333333333 0.09891764705882358 0.15941666666666665
1 0.42722352941176467 0.791125 0.09160000000000001 0.1860833333333332
1 0.06644705882352941 0.048374999999999994 0.094 0.09674999999999999
1 0.10955294117647059 0.21933333333333332 0.12736470588235294 0.2408333333333333
1 0.8393411764705883 0.3610416666666667 0.09995294117647063 0.1418333333333333
1 0.2552 0.34108333333333335 0.09014117647058824 0.19829166666666667
1 0.7645882352941176 0.7645416666666667 0.09117647058823529 0.22145833333333323
1 0.4924470588235294 0.38699999999999996 0.11291764705882355 0.1672916666666667
1 0.7188235294117648 0.9770833333333333 0.08235294117647059 0.04583333333333333
1 0.2969176470588235 0.07333333333333333 0.09112941176470589 0.14145833333333335
1 0.42374117647058823 0.09004166666666666 0.11195294117647055 0.17074999999999996
1 0.7761882352941176 0.8895 0.050164705882353056 0.03662500000000009
1 0.8904705882352941 0.8910833333333333 0.04802352941176463 0.037375000000000116
0 0.5891764705882354 0.42400000000000004 0.07388235294117648 0.15891666666666673
1 0.435035294117647 0.884875 0.0481176470588235 0.03445833333333326
1 0.5969882352941176 0.015083333333333334 0.12957647058823527 0.030083333333333337
1 0.03585882352941176 0.2579166666666667 0.07171764705882352 0.34525