0 0.5703058823529412 0.7242083333333333 0.07395294117647054 0.17062499999999994
1 0.04818823529411766 0.29662499999999997 0.09411764705882353 0.25991666666666663
1 0.5641411764705883 0.09525 0.3708705882352941 0.19045833333333337
1 0.7327764705882354 0.20633333333333334 0.237529411764706 0.24604166666666666
1 0.8431294117647058 0.30854166666666666 0.10421176470588227 0.25991666666666663
1 0.7423058823529413 0.3670833333333333 0.10195294117647069 0.19045833333333337
1 0.8705882352941177 0.8650833333333333 0.10308235294117635 0.2698333333333333
1 0.6610588235294117 0.9365 0.11204705882352942 0.12700000000000009
1 0.1848705882352941 0.8343333333333334 0.11877647058823528 0.33133333333333326
1 0.006164705882352941 0.9176666666666667 0.012329411764705882 0.14879166666666657
1 0.9728235294117646 0.921625 0.05435294117647064 0.15675000000000003
1 0.9014117647058824 0.8105 0.19607058823529422 0.23612500000000006