1 0.6825647058823529 0.09824999999999999 0.2158352941176471 0.19233333333333333
1 0.5896705882352942 0.9276666666666666 0.22272941176470581 0.13808333333333328
1 0.5103529411764706 0.8262916666666666 0.16964705882352935 0.2232916666666668
1 0.6884 0.49966666666666665 0.0794823529411764 0.18425
1 0.7928235294117647 0.47241666666666665 0.08647058823529412 0.24475000000000005
1 0.8387058823529412 0.17441666666666666 0.09595294117647052 0.24912499999999996
1 0.3840235294117647 0.025958333333333337 0.22035294117647064 0.0515
1 0.49832941176470585 0.198125 0.08616470588235295 0.20470833333333333
1 0.7003529411764705 0.332625 0.11096470588235287 0.14537500000000003
1 0.04823529411764706 0.13125 0.09647058823529411 0.2625
1 0.23329411764705885 0.50075 0.08823529411764706 0.2044583333333333
1 0.0995764705882353 0.3779583333333333 0.059623529411764714 0.2105833333333333
0 0.5852235294117647 0.4987916666666667 0.0625411764705882 0.1721666666666667
1 0.02576470588235294 0.41466666666666663 0.05152941176470588 0.37300000000000005