0 0.5260470588235294 0.5585416666666667 0.07282352941176468 0.1845416666666667
1 0.6638588235294117 0.4345416666666667 0.061623529411764834 0.11904166666666664
1 0.29468235294117645 0.11708333333333334 0.22632941176470583 0.234125
1 0.07395294117647058 0.035708333333333335 0.14790588235294116 0.07141666666666667
1 0.7591058823529412 0.041666666666666664 0.173670588235294 0.08333333333333333
1 0.9400470588235293 0.26091666666666663 0.11877647058823533 0.2400833333333333
1 0.597764705882353 0.9543750000000001 0.21849411764705887 0.0912499999999999
1 0.4302588235294118 0.982125 0.25322352941176474 0.03570833333333331
1 0.5025176470588235 0.8630833333333333 0.22969411764705883 0.23808333333333329
1 0.4056 0.7013750000000001 0.17927058823529413 0.22420833333333334
2 0.6487294117647059 0.6120833333333333 0.06722352941176482 0.11308333333333327
2 0.5327764705882353 0.640875 0.08178823529411762 0.11112500000000007
2 0.4252 0.6021666666666667 0.06835294117647062 0.07737499999999997