1 0.4602117647058824 0.9203749999999999 0.26357647058823525 0.15154166666666669
1 0.643435294117647 0.9547916666666667 0.10595294117647053 0.090375
1 0.8323764705882353 0.24975 0.09896470588235282 0.2539166666666667
1 0.06296470588235295 0.4405416666666667 0.12590588235294117 0.2291666666666667
1 0.31896470588235293 0.6910000000000001 0.09249411764705882 0.23920833333333344
0 0.5809176470588235 0.6079166666666667 0.07689411764705878 0.16674999999999998
1 0.7665882352941177 0.020166666666666666 0.09294117647058824 0.04033333333333333
1 0.044564705882352944 0.19641666666666666 0.08912941176470589 0.2668333333333333
1 0.1996470588235294 0.5895416666666667 0.13738823529411764 0.22495833333333337
1 0.054023529411764706 0.08954166666666664 0.10418823529411765 0.17904166666666665
1 0.4097176470588235 0.16129166666666667 0.11202352941176474 0.16970833333333335
1 0.98 0.7270833333333333 0.04 0.19583333333333333