1 0.22790588235294118 0.3735 0.22698823529411766 0.2265416666666667
1 0.6175764705882354 0.9339583333333333 0.19430588235294122 0.12641666666666657
1 0.7643529411764707 0.7890833333333334 0.09484705882352928 0.2486666666666667
1 0.1864 0.8079583333333333 0.08032941176470587 0.2
1 0.06235294117647059 0.0625 0.09176470588235294 0.125
1 0.9080470588235294 0.37879166666666664 0.18084705882352944 0.23270833333333332
1 0.8022823529411766 0.4882083333333333 0.0990823529411765 0.2465833333333333
1 0.9139999999999999 0.4452916666666667 0.116235294117647 0.26620833333333327
1 0.46383529411764707 0.509875 0.08910588235294119 0.19425
1 0.6531058823529412 0.7945833333333333 0.08872941176470597 0.1625
0 0.5806823529411765 0.5257083333333334 0.07974117647058827 0.16070833333333337
1 0.2903294117647059 0.6795000000000001 0.10931764705882355 0.23079166666666662
1 0.48291764705882356 0.018458333333333334 0.1567529411764706 0.03691666666666667
1 0.17451764705882353 0.057791666666666665 0.08531764705882351 0.11558333333333333
1 0.9233882352941176 0.6003333333333334 0.042352941176470586 0.035958333333333314
1 0.9765411764705881 0.8220833333333334 0.04691764705882366 0.20737499999999992
1 0.29607058823529414 0.07283333333333333 0.08491764705882354 0.14150000000000001
1 0.02110588235294118 0.45245833333333335 0.04021176470588235 0.2990416666666666
1 0.19251764705882352 0.1335 0.04997647058823532 0.034875
1 0.5325411764705883 0.10208333333333333 0.10835294117647061 0.1701666666666667
1 0.8706352941176471 0.08741666666666667 0.09397647058823543 0.17054166666666667
1 0.9610588235294117 0.6805416666666667 0.07788235294117653 0.22620833333333343