0 0.5759058823529412 0.751 0.08964705882352947 0.16070833333333331
1 0.568635294117647 0.59125 0.2274588235294118 0.23808333333333329
1 0.5708705882352941 0.14879166666666668 0.059388235294117665 0.111125
2 0.43865882352941177 0.33233333333333337 0.07058823529411765 0.12104166666666671
2 0.3277411764705882 0.32837500000000003 0.06835294117647062 0.1051666666666667
1 0.5361411764705882 0.41370833333333334 0.17814117647058825 0.1805416666666667
2 0.5574117647058824 0.3214166666666667 0.0616235294117647 0.09125000000000003
1 0.4329411764705882 0.05 0.2211764705882353 0.1
1 0.9804 0.08829166666666667 0.03585882352941178 0.17658333333333334
1 0.8338823529411764 0.8392916666666667 0.3322117647058825 0.32141666666666663
1 0.4414588235294118 0.9275833333333333 0.10308235294117647 0.1448333333333333
1 0.7691764705882352 0.8997916666666667 0.09971764705882352 0.20041666666666677
1 0.8957882352941176 0.9007916666666667 0.09971764705882352 0.19841666666666669
1 0.8565882352941177 0.9563333333333334 0.0907529411764707 0.08729166666666661