1 0.7337176470588235 0.11483333333333333 0.08708235294117644 0.22804166666666664
1 0.8166117647058824 0.4051666666666666 0.10359999999999994 0.24962499999999999
1 0.4682352941176471 0.06041666666666667 0.35294117647058826 0.12083333333333333
1 0.04145882352941177 0.22575 0.08291764705882354 0.22008333333333335
1 0.3878352941176471 0.31925000000000003 0.11174117647058826 0.17062499999999997
1 0.8544705882352941 0.9746666666666666 0.17512941176470603 0.05066666666666677
1 0.29870588235294115 0.8549166666666667 0.10028235294117645 0.25100000000000006
1 0.057905882352941175 0.10570833333333335 0.10051764705882353 0.20795833333333333
1 0.016823529411764706 0.7560833333333333 0.03202352941176471 0.19425
1 0.03411764705882353 0.3645833333333333 0.06823529411764706 0.30416666666666664
1 0.9728235294117646 0.8922916666666667 0.05435294117647064 0.2074583333333334
0 0.5809176470588235 0.44575000000000004 0.07555294117647061 0.15849999999999997