1 0.6928941176470589 0.6863333333333334 0.13682352941176465 0.2287499999999999
1 0.5876470588235294 0.24158333333333334 0.22734117647058824 0.25325000000000003
1 0.47009411764705883 0.10562500000000001 0.2235058823529412 0.2059583333333333
1 0.866070588235294 0.38458333333333333 0.12515294117647044 0.23062499999999997
1 0.05418823529411765 0.9349583333333332 0.1083764705882353 0.13004166666666658
1 0.7088 0.8559166666666667 0.0951764705882354 0.18416666666666662
1 0.3012470588235294 0.5611666666666667 0.1035058823529412 0.17675000000000007
1 0.03204705882352941 0.80025 0.06407058823529412 0.17158333333333337
1 0.3709882352941176 0.8554166666666667 0.1050588235294117 0.1670416666666668
1 0.6072 0.67925 0.03317647058823535 0.12579166666666666
1 0.41345882352941177 0.5545833333333333 0.08868235294117646 0.1941666666666667
1 0.13 0.8214166666666666 0.08338823529411764 0.22458333333333325
0 0.6423764705882353 0.5095833333333334 0.0632470588235294 0.1364583333333334
1 0.9565882352941176 0.4642916666666667 0.08682352941176465 0.31745833333333334
1 0.1663764705882353 0.43254166666666666 0.12211764705882354 0.37299999999999994