1 0.3884470588235294 0.6288333333333332 0.22661176470588235 0.23074999999999998
1 0.26301176470588233 0.29624999999999996 0.08364705882352944 0.1985416666666667
1 0.07065882352941177 0.034124999999999996 0.08402352941176472 0.06824999999999999
1 0.9623529411764706 0.98125 0.07529411764705882 0.0375
1 0.1656 0.9765 0.08470588235294117 0.046958333333333255
1 0.5069411764705882 0.9075833333333333 0.17524705882352945 0.18154166666666663
1 0.769435294117647 0.7192083333333333 0.08915294117647056 0.2260833333333333
1 0.5447058823529412 0.058333333333333334 0.10588235294117647 0.11666666666666667
1 0.8961882352941176 0.47166666666666673 0.19256470588235303 0.2187916666666667
1 0.43167058823529414 0.7390416666666667 0.08480000000000004 0.16737500000000008
1 0.6186588235294118 0.9800416666666667 0.08541176470588231 0.0399166666666666
1 0.30663529411764706 0.046375000000000006 0.09098823529411769 0.09275000000000001
1 0.5029411764705882 0.34129166666666666 0.10936470588235299 0.1690833333333333
1 0.9783999999999999 0.6434166666666666 0.04320000000000003 0.23004166666666664
0 0.5921882352941177 0.4872916666666667 0.07861176470588228 0.1712916666666666
1 0.8482588235294117 0.3158333333333333 0.10498823529411766 0.14091666666666663
1 0.7828941176470589 0.8451666666666667 0.04861176470588228 0.03758333333333326
1 0.7268941176470588 0.9548333333333333 0.09171764705882357 0.09029166666666673
1 0.14708235294117647 0.29662499999999997 0.0879764705882353 0.1983333333333333
1 0.8809176470588235 0.6925 0.09985882352941189 0.2832916666666667
1 0.4266588235294118 0.06145833333333333 0.1122823529411764 0.12291666666666666
1 0.03882352941176471 0.2 0.07764705882352942 0.35
1 0.15070588235294116 0.1597083333333333 0.1669411764705883 0.22420833333333334