1 0.5215764705882353 0.27283333333333337 0.33054117647058817 0.3353333333333333
1 0.8792705882352941 0.25595833333333334 0.24145882352941178 0.35712499999999997
1 0.8223999999999999 0.49899999999999994 0.10755294117647067 0.18849999999999997
1 0.9210117647058824 0.40970833333333334 0.11204705882352942 0.31150000000000005
1 0.13724705882352942 0.7807499999999999 0.17814117647058825 0.24008333333333334
1 0.24312941176470587 0.4583333333333333 0.09858823529411766 0.2063333333333333
1 0.35517647058823526 0.4583333333333333 0.09411764705882353 0.21033333333333334
1 0.0728235294117647 0.04958333333333333 0.08964705882352941 0.09916666666666667
1 0.03136470588235294 0.36112500000000003 0.06272941176470588 0.34524999999999995
1 0.015129411764705883 0.9305416666666667 0.030258823529411765 0.13887499999999994
1 0.7714352941176471 0.06745833333333334 0.1109176470588235 0.13491666666666668
1 0.9722588235294117 0.059541666666666666 0.05545882352941188 0.11508333333333336