1 0.45371764705882356 0.033375 0.21672941176470592 0.06675
1 0.21461176470588234 0.666875 0.08590588235294115 0.2033333333333334
1 0.29891764705882357 0.9402916666666666 0.17327058823529415 0.11937499999999991
1 0.7372235294117647 0.25379166666666664 0.1042588235294119 0.18687499999999999
1 0.3292235294117647 0.6675416666666667 0.08865882352941178 0.20366666666666663
1 0.7936705882352941 0.7057083333333334 0.10447058823529407 0.18562500000000004
0 0.5630352941176471 0.6706249999999999 0.06835294117647062 0.19045833333333326
1 0.015129411764705883 0.5882916666666667 0.030258823529411765 0.30358333333333337
1 0.04470588235294118 0.15208333333333332 0.08941176470588236 0.30416666666666664
1 0.9456470588235294 0.16270833333333332 0.10755294117647067 0.32541666666666663
1 0.8918823529411765 0.6210416666666667 0.1053176470588235 0.31350000000000006