1 0.4743529411764706 0.062125 0.23056470588235295 0.12425
1 0.4384470588235294 0.9446666666666667 0.09698823529411758 0.11062500000000004
1 0.8892470588235294 0.6984999999999999 0.05957647058823541 0.031333333333333255
1 0.9611764705882353 0.7229166666666667 0.07764705882352942 0.15416666666666667
1 0.5716705882352942 0.174875 0.05576470588235292 0.10812500000000001
1 0.8938117647058824 0.9163333333333333 0.10204705882352942 0.16370833333333343
1 0.8611764705882353 0.9666666666666667 0.08470588235294117 0.06666666666666667
1 0.6112705882352941 0.60775 0.2233411764705882 0.2350416666666666
1 0.7746823529411765 0.9145 0.09411764705882353 0.16333333333333327
1 0.5734117647058823 0.427875 0.16715294117647056 0.17495833333333338
1 0.8513647058823529 0.843125 0.24785882352941183 0.2663333333333334
2 0.5550117647058823 0.3219583333333333 0.061505882352941146 0.041125000000000016
1 0.6550117647058823 0.8724583333333332 0.08774117647058816 0.2111666666666667
1 0.02204705882352941 0.6200833333333333 0.042964705882352947 0.21504166666666671
0 0.5081176470588235 0.7579166666666667 0.08851764705882353 0.15474999999999994
2 0.43976470588235295 0.35516666666666663 0.07058823529411765 0.11508333333333336
2 0.32211764705882356 0.34625 0.06385882352941173 0.1012083333333333