1 0.40489411764705885 0.048749999999999995 0.22265882352941174 0.09749999999999999
1 0.21152941176470588 0.6985416666666667 0.08995294117647057 0.20416666666666666
1 0.7331294117647058 0.2845416666666667 0.09247058823529401 0.17954166666666668
1 0.3242117647058823 0.7 0.0911529411764706 0.20058333333333328
1 0.7897176470588235 0.745875 0.10830588235294111 0.1826666666666668
1 0.016023529411764704 0.6637916666666667 0.030658823529411763 0.23433333333333337
1 0.04432941176470588 0.18679166666666666 0.08865882352941176 0.318125
1 0.3484705882352941 0.9569166666666666 0.2018588235294118 0.08612500000000006
0 0.560235294117647 0.705375 0.06945882352941173 0.18850000000000003
0 0.9445411764705882 0.17758333333333332 0.10981176470588226 0.35516666666666663
0 0.8890823529411765 0.6577500000000001 0.10644705882352944 0.3194583333333334