1 0.16649411764705885 0.41941666666666666 0.2254117647058823 0.2490833333333334
1 0.8571764705882353 0.430625 0.22927058823529398 0.24783333333333335
1 0.1952705882352941 0.9529166666666666 0.16741176470588237 0.09416666666666676
2 0.6397647058823529 0.6408333333333334 0.3503058823529412 0.10620833333333338
1 0.12355294117647059 0.16641666666666666 0.05089411764705881 0.03662499999999997
1 0.2720470588235294 0.8300416666666667 0.3823058823529412 0.339875
1 0.4231294117647059 0.03920833333333333 0.34788235294117636 0.07837499999999999
1 0.01783529411764706 0.165375 0.03567058823529412 0.03529166666666666
1 0.10943529411764705 0.09649999999999999 0.08943529411764707 0.19024999999999997
1 0.021976470588235295 0.09254166666666667 0.043011764705882354 0.18116666666666667
2 0.48178823529411763 0.7877083333333333 0.044823529411764734 0.09525000000000006
0 0.6324941176470589 0.5456249999999999 0.061623529411764764 0.17458333333333328
1 0.5803999999999999 0.12400000000000001 0.10755294117647055 0.1885