1 0.36101176470588237 0.28158333333333335 0.22764705882352942 0.23633333333333334
1 0.07764705882352942 0.73125 0.15529411764705883 0.25416666666666665
1 0.4642117647058823 0.4347083333333333 0.16461176470588232 0.2298333333333333
1 0.9229411764705883 0.8477916666666666 0.15310588235294104 0.30441666666666667
1 0.2931529411764706 0.836375 0.25781176470588235 0.32720833333333343
1 0.9635294117647059 0.9625 0.07294117647058823 0.075
1 0.05265882352941177 0.10375 0.10143529411764705 0.2027083333333333
1 0.8599058823529411 0.1075 0.09687058823529403 0.21395833333333333
0 0.5801882352941178 0.5700000000000001 0.07235294117647066 0.16904166666666665
1 0.48007058823529414 0.8654583333333333 0.1118823529411765 0.25325000000000014
1 0.050094117647058824 0.9577916666666667 0.08432941176470589 0.08441666666666663
1 0.33745882352941176 0.5330416666666667 0.0851294117647059 0.24683333333333338
1 0.38538823529411764 0.9235416666666667 0.07727058823529406 0.12645833333333342
1 0.02432941176470588 0.4821666666666667 0.0468235294117647 0.27554166666666663
1 0.42969411764705884 0.04066666666666666 0.10195294117647055 0.08133333333333333