1 0.5552705882352942 0.9044583333333333 0.2333882352941177 0.18958333333333333
1 0.5093176470588235 0.7611666666666667 0.10061176470588233 0.14024999999999987
1 0.9026588235294117 0.29933333333333334 0.08127058823529404 0.19862500000000002
1 0.8846823529411765 0.43216666666666664 0.09854117647058823 0.2698333333333333
1 0.05825882352941178 0.52875 0.1131529411764706 0.28166666666666657
1 0.7524705882352941 0.5977083333333333 0.08244705882352933 0.2055416666666666
1 0.07962352941176472 0.3686666666666667 0.10418823529411765 0.27637500000000004
0 0.3154117647058824 0.9077500000000001 0.09075294117647058 0.15675000000000003
1 0.2862823529411765 0.5377083333333333 0.11317647058823528 0.31350000000000006
1 0.560235294117647 0.2629166666666667 0.10308235294117647 0.26387499999999997
1 0.7686352941176471 0.41766666666666663 0.09858823529411759 0.25199999999999995
1 0.9733882352941177 0.42162499999999997 0.05322352941176472 0.25991666666666663
1 0.9563058823529412 0.7539583333333333 0.08628235294117638 0.19841666666666669
1 0.044823529411764707 0.6885 0.08964705882352941 0.3055416666666666
1 0.09971764705882354 0.22320833333333331 0.10084705882352941 0.2916666666666667
1 0.7 0.9791666666666666 0.15294117647058825 0.041666666666666664
1 0.8487294117647058 0.7529583333333334 0.09298823529411761 0.21229166666666663