0 0.5523764705882352 0.7737916666666667 0.08068235294117652 0.18254166666666669
1 0.5501411764705882 0.43054166666666666 0.37200000000000005 0.31349999999999995
1 0.6739529411764706 0.5813333333333334 0.10195294117647069 0.26587500000000003
1 0.9795529411764706 0.5367083333333333 0.04089411764705881 0.27974999999999994
1 0.0476235294117647 0.17458333333333334 0.0952470588235294 0.2222083333333333
1 0.06891764705882353 0.0625 0.13781176470588238 0.125
1 0.021858823529411764 0.513875 0.04369411764705882 0.3293749999999999
1 0.026329411764705882 0.3859166666666667 0.052658823529411765 0.25199999999999995
1 0.3260470588235294 0.794625 0.10981176470588239 0.16866666666666674
1 0.4411764705882353 0.9791666666666666 0.11058823529411765 0.041666666666666664
1 0.7501411764705882 0.874 0.09971764705882352 0.24008333333333334
1 0.0112 0.7043750000000001 0.0224 0.234125
1 0.6829176470588235 0.32637499999999997 0.21849411764705887 0.23212500000000003