0 0.6291294117647058 0.6637083333333333 0.07058823529411765 0.16866666666666674
1 0.6123294117647059 0.32637499999999997 0.17367058823529405 0.23612499999999997
1 0.2773176470588235 0.15079166666666666 0.3865647058823529 0.3015833333333333
1 0.07058823529411765 0.36508333333333337 0.11428235294117646 0.3611250000000001
1 0.29971764705882353 0.6289583333333333 0.22969411764705883 0.25
1 0.48068235294117645 0.8997916666666667 0.08964705882352947 0.20041666666666677
1 0.7960705882352941 0.953375 0.09748235294117635 0.09324999999999999
1 0.7703058823529412 0.45337500000000003 0.09748235294117635 0.20833333333333334
1 0.8806823529411765 0.4295833333333333 0.10308235294117661 0.25991666666666663
1 0.8854352941176471 0.15775 0.22912941176470586 0.31545833333333334
1 0.928235294117647 0.8229166666666666 0.11529411764705882 0.3541666666666667
1 0.9103529411764706 0.9255833333333333 0.10195294117647069 0.14879166666666657
1 0.15407058823529413 0.7728333333333333 0.22296470588235298 0.24008333333333334
1 0.1215764705882353 0.9742083333333333 0.09298823529411768 0.051583333333333314
1 0.033623529411764705 0.8293750000000001 0.06498823529411765 0.2737916666666666
1 0.026329411764705882 0.8938333333333334 0.052658823529411765 0.21229166666666663
1 0.004705882352941176 0.4166666666666667 0.009411764705882352 0.23333333333333334
2 0.7299764705882353 0.079375 0.07282352941176481 0.10316666666666666
2 0.5025176470588235 0.06845833333333333 0.0750588235294117 0.10912499999999999