1 0.8089647058823529 0.45537500000000003 0.10084705882352944 0.25199999999999995
1 0.7333411764705883 0.14979166666666668 0.10195294117647069 0.263875
1 0.9565882352941176 0.08929166666666667 0.08682352941176465 0.17858333333333334
1 0.414 0.08829166666666667 0.3753411764705882 0.17658333333333334
1 0.3848705882352941 0.37104166666666666 0.1109176470588235 0.17458333333333337
1 0.29075294117647055 0.8859166666666667 0.10644705882352944 0.22816666666666663
1 0.9647058823529412 0.9166666666666666 0.06588235294117648 0.16666666666666666
1 0.033623529411764705 0.419625 0.06722352941176471 0.3075416666666667
1 0.038658823529411766 0.27779166666666666 0.07731764705882353 0.21824999999999997
1 0.04818823529411764 0.12795833333333334 0.0963529411764706 0.2559166666666667
0 0.5882352941176471 0.498 0.06945882352941173 0.17858333333333326
1 0.9812235294117647 0.6646666666666667 0.03752941176470599 0.18649999999999997