1 0.8521647058823529 0.738125 0.2172705882352942 0.24791666666666667
0 0.5806352941176471 0.49008333333333337 0.0737176470588235 0.16074999999999992
1 0.3140705882352941 0.8795416666666667 0.2226117647058824 0.24091666666666664
1 0.07882352941176471 0.4270833333333333 0.15764705882352942 0.24583333333333332
1 0.26543529411764705 0.24591666666666664 0.08957647058823527 0.2053333333333333
1 0.5140235294117648 0.11925000000000001 0.10924705882352943 0.22612500000000002
1 0.7247529411764706 0.2514166666666667 0.09171764705882357 0.19966666666666671
1 0.9174117647058823 0.5587083333333334 0.11202352941176474 0.18975000000000003
1 0.827764705882353 0.22766666666666666 0.09200000000000005 0.25370833333333337
1 0.2608470588235294 0.57025 0.16663529411764702 0.22670833333333326
1 0.9859764705882353 0.578 0.02802352941176463 0.22695833333333326
1 0.0624 0.02108333333333333 0.11094117647058824 0.041958333333333334
1 0.9870588235294118 0.03125 0.02588235294117647 0.0375
1 0.5926588235294118 0.12700000000000003 0.05830588235294111 0.21041666666666667
1 0.8864470588235295 0.03225 0.050470588235294225 0.034875
1 0.039458823529411755 0.15358333333333332 0.07889411764705882 0.30716666666666664