0 0.5865647058823529 0.40875 0.07955294117647059 0.16666666666666666
1 0.6621882352941176 0.2589166666666667 0.18599999999999997 0.22420833333333334
1 0.814564705882353 0.36804166666666666 0.09411764705882353 0.24800000000000005
1 0.8492941176470588 0.09525 0.10084705882352944 0.19045833333333337
1 0.9591058823529411 0.09820833333333333 0.08068235294117639 0.19245833333333331
1 0.5154117647058823 0.09425 0.0918823529411765 0.1885
1 0.6414588235294117 0.04862500000000001 0.189364705882353 0.09720833333333333
1 0.6963529411764705 0.876 0.22969411764705883 0.24799999999999991
1 0.4268941176470588 0.9513750000000001 0.21736470588235293 0.09720833333333327
1 0.4061647058823529 0.7192500000000001 0.1714352941176471 0.23212499999999991
1 0.2515294117647059 0.39287500000000003 0.09298823529411768 0.20237499999999997
1 0.03809411764705883 0.30754166666666666 0.07395294117647058 0.35316666666666663
1 0.05529411764705883 0.09166666666666666 0.11058823529411765 0.18333333333333332