1 0.2424705882352941 0.29641666666666666 0.22214117647058823 0.24533333333333332
1 0.8055764705882353 0.453125 0.17056470588235295 0.23041666666666671
1 0.2029647058823529 0.7425833333333334 0.2273411764705882 0.2475833333333334
1 0.8506588235294117 0.11491666666666665 0.09719999999999987 0.22766666666666666
1 0.9409882352941177 0.609375 0.11016470588235305 0.24137500000000003
0 0.5779294117647059 0.502875 0.0785882352941176 0.16058333333333336
1 0.0947529411764706 0.4425 0.11124705882352942 0.22908333333333328
1 0.2716235294117647 0.09908333333333334 0.07769411764705882 0.1603333333333333
1 0.04527058823529411 0.10887499999999999 0.09054117647058822 0.21666666666666667
1 0.6462117647058824 0.9277083333333334 0.05821176470588237 0.11079166666666657
1 0.7297882352941177 0.12079166666666666 0.08218823529411753 0.19416666666666668
1 0.43312941176470593 0.0535 0.17418823529411773 0.107