0 0.602235294117647 0.3779583333333333 0.05265882352941175 0.16866666666666663
1 0.6666588235294117 0.5585416666666667 0.10981176470588226 0.36308333333333326
1 0.0476235294117647 0.140875 0.0952470588235294 0.28175
1 0.4711529411764706 0.8145 0.23865882352941178 0.24799999999999991
1 0.30308235294117647 0.9424583333333333 0.09524705882352942 0.11508333333333336
1 0.06105882352941176 0.8809583333333334 0.09075294117647059 0.20633333333333326
1 0.038658823529411766 0.9127083333333333 0.07731764705882353 0.17458333333333323
1 0.8302588235294118 0.9166666666666666 0.11877647058823533 0.16666666666666666
1 0.8963529411764706 0.5952500000000001 0.1053176470588235 0.3055416666666666
1 0.8862823529411765 0.3640833333333333 0.2218588235294117 0.25595833333333334
1 0.8604941176470587 0.21429166666666666 0.10981176470588226 0.13095833333333332
1 0.01792941176470588 0.5456249999999999 0.03585882352941176 0.31350000000000006
1 0.027458823529411768 0.501 0.05489411764705882 0.18454166666666663
1 0.0991529411764706 0.079375 0.09075294117647058 0.15875