1 0.5587764705882353 0.9341666666666666 0.1636941176470588 0.1316249999999999
1 0.44797647058823525 0.947375 0.06672941176470591 0.10324999999999988
1 0.9607058823529412 0.4862916666666666 0.0744235294117647 0.26054166666666667
1 0.9742352941176471 0.3077083333333333 0.051505882352941144 0.09674999999999999
1 0.9234117647058824 0.8162916666666666 0.08042352941176459 0.1996250000000001
1 0.8349176470588234 0.6580416666666667 0.08367058823529426 0.20216666666666658
1 0.6453647058823528 0.3300416666666666 0.09719999999999994 0.262125
1 0.19016470588235293 0.2821666666666667 0.1120705882352941 0.29066666666666663
1 0.8537882352941176 0.4762083333333334 0.10755294117647067 0.25000000000000006
1 0.37254117647058826 0.5972083333333333 0.11317647058823535 0.31745833333333334
0 0.36303529411764707 0.84125 0.08515294117647058 0.15474999999999994
1 0.6016705882352942 0.830375 0.10531764705882357 0.1646666666666666
1 0.12381176470588234 0.7450416666666667 0.1064470588235294 0.30754166666666666
1 0.1439764705882353 0.5882916666666667 0.10421176470588234 0.29562499999999997
1 0.1652705882352941 0.4295833333333333 0.11317647058823528 0.2837499999999999
1 0.032494117647058826 0.7142916666666667 0.06498823529411765 0.36904166666666666
1 0.03943529411764706 0.5416666666666666 0.07887058823529412 0.3055416666666666
1 0.04896470588235294 0.3997916666666667 0.09792941176470588 0.327375
1 0.06376470588235295 0.24504166666666669 0.1064470588235294 0.3234166666666667
1 0.25322352941176474 0.21329166666666666 0.13894117647058826 0.22420833333333334