1 0.8807529411764706 0.8207916666666667 0.22357647058823524 0.24945833333333337
1 0.707835294117647 0.302625 0.08830588235294111 0.2519166666666667
1 0.2752941176470588 0.13958333333333334 0.2541176470588235 0.2791666666666667
1 0.9184 0.16729166666666664 0.1583058823529411 0.3055833333333334
1 0.787035294117647 0.5980000000000001 0.09585882352941179 0.24899999999999997
1 0.3629647058823529 0.5212083333333334 0.1120705882352941 0.17050000000000007
1 0.24371764705882354 0.30704166666666666 0.33284705882352944 0.027208333333333338
1 0.2735294117647059 0.9641666666666667 0.0928470588235294 0.071625
1 0.7876470588235294 0.18891666666666668 0.08447058823529406 0.2696249999999999
0 0.5879294117647059 0.48191666666666666 0.068164705882353 0.1770416666666667
1 0.020611764705882347 0.5715833333333333 0.03915294117647059 0.2956666666666666
1 0.02823529411764706 0.42291666666666666 0.05647058823529412 0.2125
1 0.1083764705882353 0.15550000000000003 0.0879058823529412 0.23137500000000003
1 0.036470588235294116 0.22708333333333333 0.07294117647058823 0.3541666666666667