1 0.18437647058823528 0.33675 0.22070588235294114 0.24199999999999997
1 0.23901176470588234 0.7884583333333333 0.22388235294117648 0.23658333333333345
1 0.9201176470588236 0.6569166666666667 0.1597647058823529 0.2417916666666668
1 0.6424 0.9573333333333333 0.057882352941176524 0.08337499999999996
0 0.585835294117647 0.514875 0.07230588235294115 0.17345833333333333
1 0.8579294117647059 0.49270833333333336 0.16936470588235297 0.22087499999999996
1 0.8396 0.1435 0.09630588235294106 0.252625
1 0.4347764705882353 0.07429166666666666 0.10437647058823532 0.14858333333333332
1 0.2703764705882353 0.1673333333333333 0.0885647058823529 0.203125
1 0.04505882352941176 0.12641666666666665 0.09011764705882352 0.2527916666666667
1 0.13677647058823528 0.48508333333333337 0.11072941176470587 0.2309166666666666
1 0.7267764705882352 0.16524999999999998 0.08870588235294129 0.20004166666666662
1 0.22710588235294116 0.4974583333333334 0.05948235294117647 0.2255416666666667
1 0.5266588235294118 0.073875 0.060258823529411795 0.14775