1 0.6310823529411764 0.348 0.21343529411764708 0.234375
1 0.06705882352941177 0.20625 0.13411764705882354 0.2375
0 0.5588000000000001 0.8105833333333333 0.08788235294117652 0.14816666666666667
1 0.6716470588235294 0.6075 0.09771764705882346 0.2475416666666666
1 0.7502117647058822 0.892 0.10028235294117648 0.2114166666666667
1 0.32364705882352945 0.8355416666666666 0.10851764705882354 0.1716666666666666
1 0.35291764705882356 0.4800000000000001 0.08480000000000004 0.24404166666666668
1 0.5226588235294117 0.4564583333333333 0.25261176470588237 0.29233333333333333
1 0.476235294117647 0.6156666666666666 0.29790588235294113 0.026250000000000048
1 0.08235294117647059 0.06845833333333333 0.16470588235294117 0.13691666666666666
1 0.9784235294117647 0.5734166666666667 0.04312941176470598 0.2857083333333333
1 0.015294117647058824 0.5458333333333333 0.03058823529411765 0.3416666666666667