1 0.42877647058823526 0.9047499999999999 0.25635294117647056 0.18495833333333328
1 0.6160941176470588 0.933875 0.11364705882352936 0.12783333333333335
0 0.5829411764705882 0.5891249999999999 0.0712705882352941 0.16279166666666664
1 0.4188235294117647 0.1295 0.11228235294117654 0.16720833333333332
1 0.3246588235294117 0.6687916666666667 0.09623529411764704 0.25495833333333334
1 0.8341882352941176 0.22016666666666668 0.0948235294117646 0.2534166666666666
1 0.0868941176470588 0.4201666666666667 0.16976470588235296 0.2422083333333333
1 0.04783529411764705 0.16241666666666668 0.0956705882352941 0.2797916666666667
1 0.7759529411764705 0.02204166666666667 0.06110588235294124 0.04145833333333333
1 0.052941176470588235 0.07291666666666667 0.10588235294117647 0.14583333333333334
1 0.23169411764705883 0.5624583333333334 0.0982823529411765 0.22949999999999993
1 0.044352941176470595 0.011333333333333336 0.08343529411764704 0.022625
1 0.9823529411764705 0.6964166666666666 0.03529411764705882 0.1944583333333334