1 0.8963529411764706 0.5774583333333333 0.16640000000000008 0.23145833333333338
1 0.6615058823529412 0.9553333333333334 0.09101176470588224 0.08933333333333332
1 0.6388235294117647 0.04791666666666667 0.22823529411764706 0.09583333333333334
1 0.18630588235294118 0.24662499999999998 0.08447058823529413 0.2051666666666667
1 0.2927058823529412 0.8786666666666666 0.2273882352941176 0.23904166666666668
1 0.9222588235294117 0.6810416666666667 0.09684705882352934 0.24837500000000007
1 0.8845882352941177 0.9007916666666667 0.11317647058823535 0.19841666666666669
1 0.3190117647058824 0.3819583333333334 0.26089411764705883 0.3349166666666667
1 0.9328941176470589 0.375125 0.12475294117647054 0.309375
1 0.5063294117647059 0.40925 0.11465882352941181 0.2756666666666667
1 0.526 0.232125 0.09327058823529409 0.2753333333333333
1 0.9705882352941176 0.9020833333333333 0.05411764705882353 0.19583333333333333
0 0.5889882352941176 0.7049583333333334 0.06327058823529409 0.17645833333333344
1 0.059952941176470584 0.16270833333333332 0.11988235294117648 0.32541666666666663
1 0.07618823529411765 0.11904166666666667 0.1523764705882353 0.23808333333333334
1 0.030823529411764704 0.6150833333333333 0.06162352941176471 0.36904166666666666
1 0.35854117647058825 0.6954166666666667 0.09858823529411759 0.20437500000000006