0 0.5557411764705882 0.7549583333333333 0.07171764705882357 0.18454166666666674
1 0.3568705882352941 0.6140833333333333 0.23192941176470586 0.25595833333333334
1 0.4873882352941176 0.46725000000000005 0.10981176470588239 0.19245833333333337
1 0.7249411764705883 0.28375 0.09411764705882353 0.20633333333333337
1 0.2599529411764706 0.22420833333333334 0.10981176470588232 0.31745833333333334
1 0.5341176470588235 0.03958333333333333 0.08 0.07916666666666666
1 0.3327764705882353 0.8958333333333334 0.1725411764705882 0.20833333333333334
1 0.03058823529411765 0.7583333333333333 0.0611764705882353 0.25833333333333336
1 0.15407058823529413 0.8859166666666667 0.11541176470588232 0.22816666666666663
1 0.62 0.9708333333333333 0.08235294117647059 0.058333333333333334
1 0.9616235294117647 0.6369166666666667 0.0767529411764706 0.21429166666666669
1 0.9501411764705883 0.9166666666666666 0.09858823529411759 0.16666666666666666
1 0.8190588235294118 0.43650000000000005 0.09411764705882353 0.20237500000000003
1 0.9333411764705882 0.4345416666666667 0.09411764705882353 0.20633333333333337
1 0.7388235294117647 0.11666666666666667 0.10352941176470588 0.23333333333333334
1 0.8560235294117647 0.11904166666666667 0.09858823529411759 0.23808333333333334
1 0.9582588235294117 0.108125 0.08348235294117651 0.21625
1 0.033623529411764705 0.37104166666666666 0.06722352941176471 0.31349999999999995
1 0.04258823529411765 0.21625000000000003 0.08515294117647058 0.3015833333333333
1 0.052941176470588235 0.09583333333333334 0.10588235294117647 0.19166666666666668