1 0.17618823529411765 0.08333333333333333 0.23228235294117647 0.16662500000000005
1 0.8863764705882352 0.8221666666666666 0.21110588235294125 0.24729166666666677
1 0.6521176470588235 0.9171666666666667 0.17014117647058818 0.15850000000000009
1 0.8240235294117647 0.2871666666666667 0.09774117647058815 0.21525
1 0.11635294117647059 0.198625 0.17795294117647056 0.24366666666666661
1 0.7879529411764705 0.5853750000000001 0.09849411764705886 0.21841666666666673
1 0.023694117647058824 0.9395 0.047364705882352934 0.11504166666666672
1 0.48861176470588236 0.32275 0.08823529411764706 0.1979583333333333
1 0.7869647058823529 0.20299999999999999 0.24197647058823538 0.23879166666666668
1 0.21741176470588236 0.6198333333333333 0.08336470588235295 0.20391666666666666
1 0.798164705882353 0.7140416666666667 0.05291764705882355 0.03220833333333341
1 0.6755294117647059 0.6163333333333333 0.08835294117647048 0.16908333333333328
1 0.9559764705882353 0.41633333333333333 0.04938823529411767 0.03604166666666669
1 0.1572941176470588 0.48987499999999995 0.16717647058823532 0.22516666666666668
1 0.03432941176470588 0.27379166666666666 0.06865882352941176 0.30495833333333333
1 0.9290588235294118 0.27208333333333334 0.09771764705882346 0.272
1 0.018047058823529413 0.6089166666666667 0.03463529411764706 0.22970833333333332
0 0.5888 0.5218333333333333 0.07282352941176475 0.17858333333333326
1 0.8504235294117647 0.5 0.17030588235294117 0.234125