2 0.8647058823529412 0.2222083333333333 0.27058823529411763 0.11508333333333336
2 0.10644705882352942 0.057541666666666665 0.21289411764705884 0.107125
2 0.9270588235294117 0.06666666666666667 0.14588235294117646 0.11666666666666667
0 0.5876705882352941 0.46625 0.07282352941176475 0.17458333333333328
1 0.29804705882352944 0.8581249999999999 0.09635294117647063 0.25595833333333334
1 0.1776 0.8323333333333333 0.11317647058823528 0.3194583333333334
1 0.06105882352941177 0.8005833333333333 0.11764705882352941 0.36308333333333326
1 0.29858823529411765 0.7589166666666666 0.20503529411764704 0.24404166666666663
1 0.7568705882352942 0.8888750000000001 0.0907529411764707 0.19841666666666669
1 0.9694588235294117 0.892875 0.061058823529411874 0.20237499999999997
1 0.9240941176470588 0.767875 0.1518117647058823 0.25
1 0.9313647058823529 0.4593333333333333 0.1372470588235295 0.23212500000000003
1 0.033623529411764705 0.2916666666666667 0.06722352941176471 0.2698333333333333