1 0.5005882352941177 0.968 0.22211764705882348 0.06395833333333342
1 0.3333411764705882 0.7662083333333333 0.11303529411764707 0.1710416666666667
1 0.044423529411764695 0.04745833333333334 0.0888235294117647 0.09491666666666668
1 0.6797411764705882 0.548 0.09272941176470581 0.2548750000000001
1 0.026517647058823528 0.13483333333333333 0.053035294117647055 0.19933333333333333
1 0.758235294117647 0.8532083333333333 0.09644705882352943 0.252125
0 0.56 0.7200833333333333 0.0681176470588235 0.17479166666666662
1 0.02251764705882353 0.5006666666666667 0.04503529411764706 0.2830416666666667
1 0.9829176470588236 0.502 0.034164705882352896 0.2698333333333334
1 0.05435294117647059 0.3859166666666667 0.10868235294117647 0.31545833333333323
1 0.012894117647058825 0.6885 0.02576470588235294 0.234125
1 0.597764705882353 0.3958333333333333 0.36190588235294124 0.33133333333333326
1 0.7344470588235293 0.29266666666666663 0.2140000000000001 0.23612499999999997