1 0.22305882352941173 0.34437500000000004 0.22336470588235294 0.23962499999999995
1 0.3457647058823529 0.4962916666666667 0.16409411764705883 0.2295833333333333
1 0.5520470588235294 0.8994166666666668 0.1111764705882353 0.1973333333333334
1 0.3623529411764706 0.875 0.25882352941176473 0.25
1 0.8516 0.15370833333333334 0.09964705882352946 0.25675000000000003
0 0.5675294117647058 0.6445833333333333 0.07216470588235291 0.1622916666666666
1 0.38141176470588234 0.9682499999999999 0.08967058823529415 0.06350000000000004
1 0.020164705882352942 0.825125 0.03908235294117647 0.21549999999999989
1 0.3312 0.5981666666666666 0.0944705882352941 0.24566666666666664
1 0.047058823529411764 0.13333333333333333 0.09411764705882353 0.26666666666666666
1 0.9550588235294117 0.88125 0.08988235294117658 0.23470833333333327
1 0.4260235294117647 0.079375 0.1105176470588236 0.15641666666666668
1 0.05096470588235294 0.9910416666666666 0.08818823529411764 0.016666666666666666
1 0.9879529411764706 0.623 0.024094117647058846 0.17062499999999994
1 0.020729411764705885 0.5426666666666667 0.04145882352941177 0.33133333333333326
1 0.09529411764705882 0.05 0.04 0.1